350 420
98 101
7 225
269 176
338 302
299 178
80 73
215 257
45 187
210 72
32 136
92 65
161 223
199 29
134 41
34 177
123 302
205 19
85 134
194 13
111 281
329 31
323 31
57 115
318 87
100 317
199 117
99 57
27 190
246 213
321 163
29 196
79 131
172 315
58 347
236 321
213 101
235 281
288 160
10 200
106 323
249 163
31 185
320 161
291 139
188 258
101 177
31 17
203 313
155 248
85 251
210 255
35 198
271 183
295 36
51 15
295 243
47 179
276 50
2 343
1 195
281 239
123 114
185 197
103 231
229 271
167 219
183 26
99 5
189 223
180 183
251 108
219 290
66 271
121 289
70 25
77 20
105 307
276 117
5 98
35 324
64 85
136 253
31 267
271 315
337 319
157 156
66 106
197 41
79 169
323 15
213 170
51 219
47 239
273 291
156 119
79 175
36 229
201 279
162 60
187 317
90 337
71 11
2 99
176 33
257 142
197 66
76 115
343 51
71 163
201 56
211 233
281 126
145 117
237 205
135 203
239 23
234 253
95 327
253 306
249 176
163 111
105 92
225 259
208 276
141 183
18 111
341 99
301 325
106 84
263 281
169 67
132 16
281 113
101 195
106 297
333 183
78 110
313 155
283 36
218 136
239 281
262 160
287 57
339 284
167 282
86 267
54 117
95 76
76 21
85 116
300 330
63 109
159 181
277 101
134 226
255 148
123 137
259 21
118 331
45 141
140 71
301 34
151 293
141 3
216 61
135 288
295 348
98 311
263 78
138 288
96 147
275 179
242 4
311 19
151 211
90 213
24 229
339 48
65 327
252 276
67 57
133 295
276 62
289 179
316 67
311 124
155 275
164 130
61 254
222 150
176 155
337 42
168 270
97 281
291 308
239 261
303 308
113 21
219 26
206 205
250 274
111 289
176 183
264 65
107 57
218 21
263 176
341 127
267 63
269 211
166 81
26 183
101 109
330 233
347 233
253 269
303 172
203 101
245 201
5 179
188 73
323 347
281 197
314 299
203 214
246 19
206 173
287 21
125 239
38 236
4 1
295 6
232 296
26 271
57 279
193 125
202 167
101 42
86 81
75 215
250 10
185 205
256 194
140 232
341 350
336 155
162 86
92 190
122 305
301 338
81 35
177 7
106 17
17 143
85 91
36 97
185 341
64 59
87 200
177 305
171 243
231 235
343 85
313 289
341 152
275 89
133 57
197 327
233 226
127 15
191 301
123 97
331 176
300 159
5 343
147 229
131 326
309 214
183 51
121 111
201 245
59 145
123 295
26 226
21 231
71 285
15 182
23 157
190 264
87 299
247 260
326 199
52 181
60 10
195 186
247 89
227 63
261 107
124 350
190 266
36 276
151 236
125 33
129 136
330 147
249 19
121 297
345 93
28 27
21 63
181 37
61 41
113 35
304 326
324 42
223 59
37 55
171 335
307 245
220 215
85 245
238 127
207 235
137 19
221 43
1 315
64 80
37 289
19 57
347 15
132 111
231 107
210 301
259 51
269 190
156 160
99 211
143 230
91 85
71 152
106 14
321 57
156 11
9 181
139 71
119 314
167 45
205 56
329 44
73 39
329 47
116 276
197 281
241 277
321 11
280 155
247 289
87 267
55 181
9 208
327 124
343 83
311 344
312 115
181 26
105 207
323 217
81 316
51 323
285 10
341 154
146 300
168 240
154 127
31 153
203 292
29 41
27 49
187 82
41 155
93 260
300 272
241 230
213 183
53 203
1 347
31 337
209 231
321 213
78 41
96 37
85 283
192 204
58 257
196 229
310 162
98 111
295 97
307 341
144 57
287 175
260 115
309 110
30 210
35 329
229 216
189 112
287 13
148 210
261 203
232 266
340 285
111 26
344 35
71 318
52 192
160 22
156 334
300 272
224 174
